20
86 37 6 16 96 83 97 30 73 10 58 99 94 25 83 97 
50 66 64 64 74 56 72 72 61 10 75 98 50 81 10 34 85 
72 42 53 32 48 92 88 8 65 48 77 26 83 8 64 20 79 48 99 25 37 77 54 96 76 98 51 74 64 9 92 8 10 83 4 30 55 82 81 39 37 49 65 45 16 50 47 15 78 
12 98 33 82 73 24 59 100 38 86 55 65 91 3 64 15 52 94 54 87 50 55 98 56 96 34 57 63 57 78 83 90 87 59 93 40 80 30 8 39 64 21 10 15 21 53 17 57 36 42 
82 100 41 40 22 64 36 50 14 89 70 67 49 28 42 64 8 61 63 78 82 90 54 23 95 52 7 34 22 13 1 47 75 78 48 83 83 41 84 24 
59 73 80 55 83 45 26 70 99 66 94 68 51 98 47 95 82 53 10 58 41 18 36 25 91 53 31 82 83 85 87 1 90 50 23 44 
24 15 56 34 83 14 97 66 66 48 46 48 49 83 13 50 23 77 45 65 65 42 51 14 69 10 45 7 2 82 87 74 70 25 54 29 23 47 10 90 75 95 35 86 55 74 91 91 249 
64 13 23 13 58 20 22 97 8 41 61 21 59 60 34 77 76 35 22 
76 6 15 98 93 45 21 60 53 62 69 62 63 13 32 25 22 92 52 42 10 
98 55 87 78 16 71 96 40 83 65 84 78 81 61 29 91 90 14 69 9 32 89 89 51 25 12 42 56 39 87 100 55 81 39 85 46 83 87 68 27 74 63 73 
46 97 60 59 29 60 98 38 80 55 79 91 86 7 84 6 24 28 100 44 93 51 5 17 9 53 36 25 82 24 6 38 1 42 16 16 67 68 76 32 86 94 34 34 2 15 79 71 51 52 
50 84 9 26 67 18 10 57 7 24 91 75 18 44 79 60 51 32 20 24 47 50 27 34 71 92 21 31 95 56 39 88 47 19 54 32 96 7 80 97 76 74 29 28 13 99 35 43 84 13 41 
18 52 50 66 69 90 87 21 6 74 71 148 50 87 92 42 72 59 91 61 32 51 92 96 46 87 99 64 1 61 1 25 60 44 47 64 6 36 94 96 56 86 47 33 30 18 9 90 13 40 
9 6 37 8 6 40 45 2 79 49 9 7 89 29 14 25 12 76 6 84 74 45 88 7 31 22 90 15 14 87 17 33 32 24 18 41 87 76 75 4 79 61 95 
41 22 89 23 10 7 64 18 86 64 1 44 16 16 41 19 35 50 62 16 11 9 33 14 67 90 89 22 57 22 100 59 39 53 58 19 56 37 29 33 75 8 43 
70 46 31 97 33 94 70 47 54 7 11 35 40 77 51 77 74 50 26 90 22 97 64 72 24 13 65 20 18 71 472 1 17 65 78 5 24 5 1 1 18 21 92 93 1 58 55 68 25 9 91 91 
87 35 82 76 24 96 532 100 59 79 52 49 45 100 3 20 78 53 2 90 83 41 1 45 87 69 85 58 
9 74 31 25 97 22 22 75 44 64 36 15 101 2 48 84 31 30 70 18 53 74 50 68 70 21 52 66 97 19 57 32 75 50 3 36 5 72 1 40 56 84 60 
16 47 93 24 18 19 39 15 39 10 42 8 
49 36 37 24 9 48 27 92 73 54 60 36 85 35 79 28 88 50 71 64 95 29 13 92 
